{
  "accessors": [
    {
      "bufferView": 2,
      "componentType": 5126,
      "count": 17131,
      "max": [
        17.145179748535156,
        20.753652572631836,
        40.211181640625
      ],
      "min": [
        -10.814571380615234,
        -17.81443977355957,
        8.999950408935547
      ],
      "type": "VEC3"
    },
    {
      "bufferView": 2,
      "byteOffset": 205572,
      "componentType": 5126,
      "count": 17131,
      "max": [
        0.9997175335884094,
        0.9998432397842407,
        0.9999637603759766
      ],
      "min": [
        -0.9999851584434509,
        -0.9998225569725037,
        -0.999972939491272
      ],
      "type": "VEC3"
    },
    {
      "bufferView": 3,
      "componentType": 5126,
      "count": 17131,
      "max": [
        0.9985619783401489,
        0.9969480633735657,
        0.9849798679351807,
        1.0
      ],
      "min": [
        -0.9999391436576843,
        -0.9999802708625793,
        -0.999844491481781,
        1.0
      ],
      "type": "VEC4"
    },
    {
      "bufferView": 1,
      "componentType": 5126,
      "count": 17131,
      "max": [
        0.99853515625,
        0.9985199570655823
      ],
      "min": [
        0.00146484375,
        0.0014800429344177246
      ],
      "type": "VEC2"
    },
    {
      "bufferView": 1,
      "byteOffset": 137048,
      "componentType": 5126,
      "count": 17131,
      "max": [
        0.99853515625,
        0.9985199570655823
      ],
      "min": [
        0.00146484375,
        0.0014800429344177246
      ],
      "type": "VEC2"
    },
    {
      "bufferView": 0,
      "componentType": 5125,
      "count": 90000,
      "type": "SCALAR"
    }
  ],
  "asset": {
    "extras": {
      "author": "Freegives (https://sketchfab.com/peoplesrepublicofchina0001)",
      "license": "CC-BY-4.0 (http://creativecommons.org/licenses/by/4.0/)",
      "source": "https://sketchfab.com/3d-models/xi-jinping-head-e186eb68ef46446d9fff22ecd959c2b6",
      "title": "Xi Jinping Head"
    },
    "generator": "Sketchfab-12.66.0",
    "version": "2.0"
  },
  "bufferViews": [
    {
      "buffer": 0,
      "byteLength": 360000,
      "name": "floatBufferViews",
      "target": 34963
    },
    {
      "buffer": 0,
      "byteLength": 274096,
      "byteOffset": 360000,
      "byteStride": 8,
      "name": "floatBufferViews",
      "target": 34962
    },
    {
      "buffer": 0,
      "byteLength": 411144,
      "byteOffset": 634096,
      "byteStride": 12,
      "name": "floatBufferViews",
      "target": 34962
    },
    {
      "buffer": 0,
      "byteLength": 274096,
      "byteOffset": 1045240,
      "byteStride": 16,
      "name": "floatBufferViews",
      "target": 34962
    }
  ],
  "buffers": [
    {
      "byteLength": 1319336,
      "uri": "scene.bin"
    }
  ],
  "images": [
    {
      "uri": "textures/Material_0_baseColor.jpeg"
    },
    {
      "uri": "textures/Material_0_normal.png"
    }
  ],
  "materials": [
    {
      "doubleSided": true,
      "name": "Material_0",
      "normalTexture": {
        "index": 1
      },
      "pbrMetallicRoughness": {
        "baseColorTexture": {
          "index": 0
        },
        "metallicFactor": 0.0
      }
    }
  ],
  "meshes": [
    {
      "name": "mainMeshNode_Material_0_0",
      "primitives": [
        {
          "attributes": {
            "NORMAL": 1,
            "POSITION": 0,
            "TANGENT": 2,
            "TEXCOORD_0": 3,
            "TEXCOORD_1": 4
          },
          "indices": 5,
          "material": 0,
          "mode": 4
        }
      ]
    }
  ],
  "nodes": [
    {
      "children": [
        1
      ],
      "matrix": [
        0.009612058289349079,
        0.0,
        0.0,
        0.0,
        0.0,
        2.1343056853748885e-18,
        -0.009612058289349079,
        0.0,
        0.0,
        0.009612058289349079,
        2.1343056853748885e-18,
        0.0,
        0.0,
        0.0,
        0.0,
        1.0
      ],
      "name": "Sketchfab_model"
    },
    {
      "children": [
        2
      ],
      "matrix": [
        1.0,
        0.0,
        0.0,
        0.0,
        0.0,
        0.0,
        1.0,
        0.0,
        0.0,
        -1.0,
        0.0,
        0.0,
        0.0,
        0.0,
        0.0,
        1.0
      ],
      "name": "68c5128fdf6a41b7a711d5025d3ad99e.fbx"
    },
    {
      "children": [
        3,
        5,
        7,
        9,
        11,
        13,
        15,
        17,
        19,
        21,
        23,
        25,
        27,
        29,
        31,
        33,
        35,
        37,
        39,
        41,
        43,
        45,
        47,
        49,
        51,
        53,
        55,
        57,
        59,
        61,
        63,
        65,
        67,
        69
      ],
      "name": "RootNode"
    },
    {
      "children": [
        4
      ],
      "matrix": [
        0.9962249126364638,
        0.04488597152178748,
        -0.07430459610963056,
        0.0,
        -0.04427080572647655,
        0.9989704510342511,
        0.009906246552226657,
        0.0,
        0.07467274739018653,
        -0.006579325267093512,
        0.9971863884330908,
        0.0,
        -92.74874877929688,
        -3.6958541870117188,
        35.53764724731445,
        1.0
      ],
      "name": "Screenshot__23_"
    },
    {
      "name": "Object_4"
    },
    {
      "children": [
        6
      ],
      "matrix": [
        0.9622183443898231,
        0.04396985309102718,
        -0.26870524695074555,
        0.0,
        -0.040636617220363346,
        0.9990126183246901,
        0.017956997770581296,
        0.0,
        0.2692294988677751,
        -0.006359280399579826,
        0.9630550537182213,
        0.0,
        -88.9625244140625,
        -3.6279664039611816,
        54.290550231933594,
        1.0
      ],
      "name": "Screenshot__24_"
    },
    {
      "name": "Object_6"
    },
    {
      "children": [
        8
      ],
      "matrix": [
        0.9044278764138406,
        0.034040275001499656,
        -0.42526635893681136,
        0.0,
        -0.028865810485947777,
        0.9994100886689333,
        0.018607516001446306,
        0.0,
        0.42564889445473714,
        -0.0045534980594056015,
        0.9048769442884944,
        0.0,
        -83.47055053710938,
        -2.6766979694366455,
        68.38540649414063,
        1.0
      ],
      "name": "Screenshot__25_"
    },
    {
      "name": "Object_8"
    },
    {
      "children": [
        10
      ],
      "matrix": [
        0.8220491508440662,
        0.025177247086576822,
        -0.5688596486179095,
        0.0,
        -0.018296978710571246,
        0.9996740644599131,
        0.01780408425790011,
        0.0,
        0.5691224948696149,
        -0.0042274194656980605,
        0.8222418833640417,
        0.0,
        -75.77195739746094,
        -1.8053133487701416,
        81.46141052246094,
        1.0
      ],
      "name": "Screenshot__26_"
    },
    {
      "name": "Object_10"
    },
    {
      "children": [
        12
      ],
      "matrix": [
        0.7401287022934808,
        0.02690705333267502,
        -0.6719267181191121,
        0.0,
        -0.017383163135669885,
        0.999630810491443,
        0.020882249773898492,
        0.0,
        0.6722405296326358,
        -0.0037753406698440278,
        0.7403231842391942,
        0.0,
        -67.98637390136719,
        -1.959394931793213,
        91.14454650878906,
        1.0
      ],
      "name": "Screenshot__27_"
    },
    {
      "name": "Object_12"
    },
    {
      "children": [
        14
      ],
      "matrix": [
        0.6452884714877345,
        0.027489061570013667,
        -0.7634442612653678,
        0.0,
        -0.015293210464608322,
        0.9996169534050566,
        0.023066516401008933,
        0.0,
        0.7637859034302141,
        -0.0032090433454251208,
        0.6454616919400398,
        0.0,
        -58.19499969482422,
        -2.0174648761749268,
        100.46812438964844,
        1.0
      ],
      "name": "Screenshot__28_"
    },
    {
      "name": "Object_14"
    },
    {
      "children": [
        16
      ],
      "matrix": [
        0.5560580911723076,
        0.034925938505610814,
        -0.8304092834628668,
        0.0,
        -0.017223119644270896,
        0.999386369952774,
        0.030499962333360896,
        0.0,
        0.8309649591839169,
        -0.00265751239312172,
        0.5563184108371316,
        0.0,
        -49.77252960205078,
        -2.754171371459961,
        106.69271087646484,
        1.0
      ],
      "name": "Screenshot__29_"
    },
    {
      "name": "Object_16"
    },
    {
      "children": [
        18
      ],
      "matrix": [
        0.48210994954995356,
        0.06482049947581978,
        -0.8737095051518248,
        0.0,
        -0.02904534780006957,
        0.9978935831295871,
        0.05800659031495381,
        0.0,
        0.8756291248674374,
        -0.002588357876945783,
        0.48297715897067706,
        0.0,
        -42.39413833618164,
        -5.658662796020508,
        110.93632507324219,
        1.0
      ],
      "name": "Screenshot__30_"
    },
    {
      "name": "Object_18"
    },
    {
      "children": [
        20
      ],
      "matrix": [
        0.383639241792996,
        0.0633918559637217,
        -0.9213047295840665,
        0.0,
        -0.021081629109384752,
        0.9979823881348444,
        0.05988921344254845,
        0.0,
        0.9232423826225643,
        -0.0035532478308648897,
        0.384201610302798,
        0.0,
        -29.608915328979492,
        -5.508366584777832,
        113.48363494873047,
        1.0
      ],
      "name": "Screenshot__31_"
    },
    {
      "name": "Object_20"
    },
    {
      "children": [
        22
      ],
      "matrix": [
        0.28173110510094457,
        0.06428375630914393,
        -0.9573375491922309,
        0.0,
        -0.015231554055669401,
        0.9979270481384609,
        0.06252684507239364,
        0.0,
        0.9593724950089251,
        -0.0030340185306774875,
        0.28212623159129635,
        0.0,
        -19.906240463256836,
        -5.584510803222656,
        116.57662200927734,
        1.0
      ],
      "name": "Screenshot__32_"
    },
    {
      "name": "Object_22"
    },
    {
      "children": [
        24
      ],
      "matrix": [
        0.19715658044078765,
        0.055897827326516714,
        -0.9787771532320676,
        0.0,
        -0.00861899727351775,
        0.9984334548106876,
        0.05528425816445312,
        0.0,
        0.980334124508014,
        -0.002463577676820622,
        0.19732950896947965,
        0.0,
        -12.072587966918945,
        -4.812980651855469,
        119.83502197265625,
        1.0
      ],
      "name": "Screenshot__33_"
    },
    {
      "name": "Object_24"
    },
    {
      "children": [
        26
      ],
      "matrix": [
        0.08124448773394932,
        0.053268265300609755,
        -0.9952697248106728,
        0.0,
        -0.0025889982029073423,
        0.9985787077842913,
        0.0532340252860932,
        0.0,
        0.9966908398802277,
        -0.0017482195854418292,
        0.08126692701909899,
        0.0,
        -0.9204995632171631,
        -4.582048416137695,
        121.08092498779297,
        1.0
      ],
      "name": "Screenshot__34_"
    },
    {
      "name": "Object_26"
    },
    {
      "children": [
        28
      ],
      "matrix": [
        -0.03704994596049138,
        0.06383270526661058,
        -0.997272624332319,
        0.0,
        0.00374189779649391,
        0.9979596726565081,
        0.06373766509840045,
        0.0,
        0.999306409318586,
        -0.0013702151879491677,
        -0.03721320740185474,
        0.0,
        10.41325569152832,
        -5.587703704833984,
        120.90595245361328,
        1.0
      ],
      "name": "Screenshot__35_"
    },
    {
      "name": "Object_28"
    },
    {
      "children": [
        30
      ],
      "matrix": [
        -0.1363825993038863,
        0.0634035284919281,
        -0.9886251965137692,
        0.0,
        0.010233785953279704,
        0.9979867200175194,
        0.06259214242807024,
        0.0,
        0.9906033798812611,
        -0.0015808995688017143,
        -0.13675688108601802,
        0.0,
        20.806074142456055,
        -5.554787635803223,
        119.67913055419922,
        1.0
      ],
      "name": "Screenshot__36_"
    },
    {
      "name": "Object_30"
    },
    {
      "children": [
        32
      ],
      "matrix": [
        -0.3362241804419486,
        0.042156413643348156,
        -0.9408379973592006,
        0.0,
        0.014288652493787777,
        0.9991110173893347,
        0.03966118179227968,
        0.0,
        0.9416735819253145,
        -0.00010825885374847466,
        -0.3365276413371847,
        0.0,
        39.0698356628418,
        -3.517559766769409,
        113.03872680664063,
        1.0
      ],
      "name": "Screenshot__37_"
    },
    {
      "name": "Object_32"
    },
    {
      "children": [
        34
      ],
      "matrix": [
        -0.46613031631815804,
        0.07205563878556576,
        -0.881776906665364,
        0.0,
        0.03470042539713421,
        0.9973999429136833,
        0.06316038594751631,
        0.0,
        0.8840352983260296,
        -0.0011570630861645233,
        -0.4674187122041893,
        0.0,
        51.48969650268555,
        -6.349967956542969,
        106.83841705322266,
        1.0
      ],
      "name": "Screenshot__38_"
    },
    {
      "name": "Object_34"
    },
    {
      "children": [
        36
      ],
      "matrix": [
        -0.5726275783502324,
        0.08241376862994995,
        -0.8156626920810821,
        0.0,
        0.04867051039360765,
        0.9965969088028112,
        0.06652655697318907,
        0.0,
        0.8183696218279213,
        -0.0016037783170742836,
        -0.5746899946617614,
        0.0,
        61.5597038269043,
        -7.325075149536133,
        99.92416381835938,
        1.0
      ],
      "name": "Screenshot__39_"
    },
    {
      "name": "Object_36"
    },
    {
      "children": [
        38
      ],
      "matrix": [
        -0.5738506001809387,
        0.08177676552306364,
        -0.8148668905364621,
        0.0,
        0.048311071723045315,
        0.9966495512346008,
        0.06599782097039099,
        0.0,
        0.8175338090996284,
        -0.0014942036189489194,
        -0.5758786663305022,
        0.0,
        61.53770446777344,
        -7.272974967956543,
        99.96110534667969,
        1.0
      ],
      "name": "Screenshot__40_"
    },
    {
      "name": "Object_38"
    },
    {
      "children": [
        40
      ],
      "matrix": [
        -0.6497549184629599,
        0.09299409764922068,
        -0.7544339889848541,
        0.0,
        0.06219122751104697,
        0.9956646959764395,
        0.06916693145437074,
        0.0,
        0.757595404654662,
        -0.0019776219435559683,
        -0.6527214504347063,
        0.0,
        70.73042297363281,
        -8.453967094421387,
        96.04373168945313,
        1.0
      ],
      "name": "Screenshot__41_"
    },
    {
      "name": "Object_40"
    },
    {
      "children": [
        42
      ],
      "matrix": [
        -0.7262008514890792,
        0.09930338450248344,
        -0.6802728578466793,
        0.0,
        0.074042116768678,
        0.9950545797616632,
        0.0662129008558997,
        0.0,
        0.6834837878406114,
        -0.002284977394129785,
        -0.7299621158918854,
        0.0,
        75.72947692871094,
        -8.958581924438477,
        86.19694519042969,
        1.0
      ],
      "name": "Screenshot__42_"
    },
    {
      "name": "Object_42"
    },
    {
      "children": [
        44
      ],
      "matrix": [
        -0.7830794408243329,
        0.09842617355021831,
        -0.6140837709291075,
        0.0,
        0.07909600818560235,
        0.9951408209127036,
        0.058639304585691825,
        0.0,
        0.616871470281576,
        -0.00265234112676295,
        -0.7870594350105931,
        0.0,
        80.74394226074219,
        -8.892928123474121,
        79.81745910644531,
        1.0
      ],
      "name": "Screenshot__43_"
    },
    {
      "name": "Object_44"
    },
    {
      "children": [
        46
      ],
      "matrix": [
        -0.8278675730487244,
        0.09751304224349543,
        -0.5523825559219203,
        0.0,
        0.0826608055161021,
        0.9952303829057915,
        0.0518042099893527,
        0.0,
        0.5547994887577351,
        -0.0027733614279573417,
        -0.8319794683407431,
        0.0,
        84.65766906738281,
        -8.820823669433594,
        73.91072845458984,
        1.0
      ],
      "name": "Screenshot__44_"
    },
    {
      "name": "Object_46"
    },
    {
      "children": [
        48
      ],
      "matrix": [
        -0.8892714274954487,
        0.09743216306405662,
        -0.44688175375692685,
        0.0,
        0.08833782666080205,
        0.9952381223798491,
        0.041200826965955936,
        0.0,
        0.4487680432261789,
        -0.0028378446912460213,
        -0.8936437713185581,
        0.0,
        90.13504028320313,
        -8.81814956665039,
        63.46784973144531,
        1.0
      ],
      "name": "Screenshot__45_"
    },
    {
      "name": "Object_48"
    },
    {
      "children": [
        50
      ],
      "matrix": [
        -0.9468932258800371,
        0.07188688132847725,
        -0.3134094687072539,
        0.0,
        0.06830525175614187,
        0.9974127734489643,
        0.022408747028226837,
        0.0,
        0.3142095023468065,
        -0.0001888219013202446,
        -0.94935365011215,
        0.0,
        94.72451782226563,
        -6.309456825256348,
        50.64289093017578,
        1.0
      ],
      "name": "Screenshot__46_"
    },
    {
      "name": "Object_50"
    },
    {
      "children": [
        52
      ],
      "matrix": [
        -0.9906455038033937,
        0.057704436082066865,
        -0.12365954815771739,
        0.0,
        0.05728704692913163,
        0.9983336870572475,
        0.006931344806125502,
        0.0,
        0.12385346199545509,
        -0.00021758477104713353,
        -0.992300495116579,
        0.0,
        98.32221984863281,
        -5.033269882202148,
        32.15058898925781,
        1.0
      ],
      "name": "Screenshot__47_"
    },
    {
      "name": "Object_52"
    },
    {
      "children": [
        54
      ],
      "matrix": [
        -0.9924081184708837,
        0.08793089804911945,
        0.08599002012650064,
        0.0,
        0.08618787231112797,
        0.9959949655940901,
        -0.02378401096762392,
        0.0,
        -0.08773697658092239,
        -0.016192148699376352,
        -0.9960120668249639,
        0.0,
        98.48808288574219,
        -8.200318336486816,
        12.042621612548828,
        1.0
      ],
      "name": "Screenshot__48_"
    },
    {
      "name": "Object_54"
    },
    {
      "children": [
        56
      ],
      "matrix": [
        -0.9589722054015093,
        0.05054922696759316,
        0.2789571381419454,
        0.0,
        0.04077926854697904,
        0.9983381001493186,
        -0.040719639573828716,
        0.0,
        -0.28055188561857686,
        -0.027673334515881973,
        -0.9594398501378985,
        0.0,
        95.15319061279297,
        -5.088912487030029,
        -7.609886169433594,
        1.0
      ],
      "name": "Screenshot__49_"
    },
    {
      "name": "Object_56"
    },
    {
      "children": [
        58
      ],
      "matrix": [
        0.0794546304040521,
        0.07152390741080167,
        0.9942692252986844,
        0.0,
        -0.017534771055061456,
        0.9973685510763477,
        -0.07034561200183923,
        0.0,
        -0.9966842496555275,
        -0.011844998630552772,
        0.08049970494380798,
        0.0,
        -7.690046310424805,
        -6.118907451629639,
        -66.97611236572266,
        1.0
      ],
      "name": "Screenshot__54_"
    },
    {
      "name": "Object_58"
    },
    {
      "children": [
        60
      ],
      "matrix": [
        0.3301059622693978,
        0.04977161377587594,
        0.9426308079711484,
        0.0,
        -0.024340600852973626,
        0.9987257168344871,
        -0.04420947504275742,
        0.0,
        -0.9436300063183193,
        -0.008350388948127386,
        0.33089678478356943,
        0.0,
        -31.052988052368164,
        -4.424842834472656,
        -61.803253173828125,
        1.0
      ],
      "name": "Screenshot__55_"
    },
    {
      "name": "Object_60"
    },
    {
      "children": [
        62
      ],
      "matrix": [
        0.6504460908004835,
        0.06625550251302466,
        0.7566571821829987,
        0.0,
        -0.0475969538911463,
        0.997785839150741,
        -0.04645373150281469,
        0.0,
        -0.7580596367982225,
        -0.005798928952667783,
        0.6521594586298267,
        0.0,
        -60.9288215637207,
        -5.7851176261901855,
        -46.37982177734375,
        1.0
      ],
      "name": "Screenshot__56_"
    },
    {
      "name": "Object_62"
    },
    {
      "children": [
        64
      ],
      "matrix": [
        0.789949232698185,
        0.08566335350253106,
        0.6071589574619229,
        0.0,
        -0.0718540099312661,
        0.9963033565409868,
        -0.04708102592298505,
        0.0,
        -0.6089476258401425,
        -0.006435185456820782,
        0.7931843274874952,
        0.0,
        -74.54790496826172,
        -7.684813499450684,
        -31.126235961914063,
        1.0
      ],
      "name": "Screenshot__57_"
    },
    {
      "name": "Object_64"
    },
    {
      "children": [
        66
      ],
      "matrix": [
        0.9108210369601276,
        0.08041509915695509,
        0.40489313461511656,
        0.0,
        -0.07613869998194493,
        0.9967401140677447,
        -0.026684140857047556,
        0.0,
        -0.40571903701445555,
        -0.006523560055403433,
        0.9139745653836688,
        0.0,
        -85.65628051757813,
        -7.127633094787598,
        -11.367118835449219,
        1.0
      ],
      "name": "Screenshot__58_"
    },
    {
      "name": "Object_66"
    },
    {
      "children": [
        68
      ],
      "matrix": [
        0.9897202306338383,
        0.08838877658380086,
        0.11243348810795117,
        0.0,
        -0.08854033306766627,
        0.9960658884656951,
        -0.0036544842744484166,
        0.0,
        -0.1123141776196068,
        -0.006337981466082672,
        0.9936525325769401,
        0.0,
        -92.45287322998047,
        -7.923117637634277,
        16.541015625,
        1.0
      ],
      "name": "Screenshot__59_"
    },
    {
      "name": "Object_68"
    },
    {
      "children": [
        70
      ],
      "name": "mainMeshNode"
    },
    {
      "mesh": 0,
      "name": "mainMeshNode_Material_0_0"
    }
  ],
  "samplers": [
    {
      "magFilter": 9729,
      "minFilter": 9987,
      "wrapS": 10497,
      "wrapT": 10497
    }
  ],
  "scene": 0,
  "scenes": [
    {
      "name": "Sketchfab_Scene",
      "nodes": [
        0
      ]
    }
  ],
  "textures": [
    {
      "sampler": 0,
      "source": 0
    },
    {
      "sampler": 0,
      "source": 1
    }
  ]
}
